average_value,average_entropy,average_value_loss,average_policy_loss,n_updates,explained_variance
0.056771114,0.050738785,nan,nan,0,nan
0.05834278,0.046750586,nan,nan,0,nan
0.054953095,0.06033392,nan,nan,0,nan
0.054646593,0.04616016,nan,nan,0,nan
0.054549277,0.046160158,nan,nan,0,nan
0.05279667,0.048435792,nan,nan,0,nan
0.30765444,0.04184709,201.20733993530274,-0.00014601049741031603,489,0.9999713897705078
0.38919976,0.045100708,201.20733993530274,-0.00014601049741031603,489,0.9999713897705078
0.9768856,0.053997483,201.20733993530274,-0.00014601049741031603,489,0.9999713897705078
1.0556352,0.05667185,201.20733993530274,-0.00014601049741031603,489,0.9999713897705078
1.0616455,0.043179568,201.20733993530274,-0.00014601049741031603,489,0.9999713897705078
1.066913,0.038473967,201.20733993530274,-0.00014601049741031603,489,0.9999713897705078
1.022864,0.04203103,201.20733993530274,-0.00014601049741031603,489,0.9999713897705078
1.5195168,0.051575113,545.8203387451172,0.0001459806808270514,978,0.9994232654571533
1.7618229,0.043679446,545.8203387451172,0.0001459806808270514,978,0.9994232654571533
2.2401888,0.03785639,545.8203387451172,0.0001459806808270514,978,0.9994232654571533
2.2016122,0.039508365,545.8203387451172,0.0001459806808270514,978,0.9994232654571533
2.33298,0.036705542,142.25338821411134,-4.0475819259881975e-05,1467,0.987957239151001
3.6078799,0.028172005,142.25338821411134,-4.0475819259881975e-05,1467,0.987957239151001
3.905998,0.04106167,142.25338821411134,-4.0475819259881975e-05,1467,0.987957239151001
3.8445697,0.049932007,142.25338821411134,-4.0475819259881975e-05,1467,0.987957239151001
3.7704887,0.081776,142.25338821411134,-4.0475819259881975e-05,1467,0.987957239151001
4.632751,0.05887702,183.88837661743165,-0.00014971917029470204,1956,0.994816243648529
4.7414484,0.059563857,183.88837661743165,-0.00014971917029470204,1956,0.994816243648529
5.7139144,0.025845507,183.88837661743165,-0.00014971917029470204,1956,0.994816243648529
5.942441,0.022206336,183.88837661743165,-0.00014971917029470204,1956,0.994816243648529
5.4634166,0.04636873,183.88837661743165,-0.00014971917029470204,1956,0.994816243648529
5.73988,0.051355813,227.92762496948242,-0.00024538384983316066,2445,0.9931625723838806
6.852134,0.03899324,227.92762496948242,-0.00024538384983316066,2445,0.9931625723838806
7.0581865,0.040175263,227.92762496948242,-0.00024538384983316066,2445,0.9931625723838806
7.888339,0.029972041,227.92762496948242,-0.00024538384983316066,2445,0.9931625723838806
7.857391,0.031470712,227.92762496948242,-0.00024538384983316066,2445,0.9931625723838806
7.888838,0.030559909,227.92762496948242,-0.00024538384983316066,2445,0.9931625723838806
8.160467,0.03505065,146.28705368041992,0.00012666060123592615,2934,0.9689136147499084
8.50102,0.037995532,146.28705368041992,0.00012666060123592615,2934,0.9689136147499084
9.706246,0.046085075,146.28705368041992,0.00012666060123592615,2934,0.9689136147499084
9.732498,0.0467761,146.28705368041992,0.00012666060123592615,2934,0.9689136147499084
10.237828,0.054886825,146.28705368041992,0.00012666060123592615,2934,0.9689136147499084
10.412244,0.057027772,146.28705368041992,0.00012666060123592615,2934,0.9689136147499084
10.769335,0.04608802,146.28705368041992,0.00012666060123592615,2934,0.9689136147499084
10.707369,0.050905522,6.253349232673645,4.8302225768566134e-05,3423,0.7390199899673462
11.102738,0.053730104,6.253349232673645,4.8302225768566134e-05,3423,0.7390199899673462
11.094624,0.053730104,6.253349232673645,4.8302225768566134e-05,3423,0.7390199899673462
11.12757,0.053730104,6.253349232673645,4.8302225768566134e-05,3423,0.7390199899673462
11.560564,0.051246885,6.253349232673645,4.8302225768566134e-05,3423,0.7390199899673462
11.507145,0.044899117,6.253349232673645,4.8302225768566134e-05,3423,0.7390199899673462
11.615054,0.046236325,6.253349232673645,4.8302225768566134e-05,3423,0.7390199899673462
11.958622,0.051647566,87.71474647521973,8.873800281435251e-05,3912,0.9477168321609497
12.906714,0.056984365,87.71474647521973,8.873800281435251e-05,3912,0.9477168321609497
14.86013,0.042737443,87.71474647521973,8.873800281435251e-05,3912,0.9477168321609497
15.16575,0.030338816,87.71474647521973,8.873800281435251e-05,3912,0.9477168321609497
15.1454935,0.03306077,87.71474647521973,8.873800281435251e-05,3912,0.9477168321609497
14.539278,0.034557417,87.71474647521973,8.873800281435251e-05,3912,0.9477168321609497
14.872816,0.039050873,16.027481460571288,7.794621400535107e-05,4401,0.13449174165725708
15.173865,0.037091747,16.027481460571288,7.794621400535107e-05,4401,0.13449174165725708
15.331386,0.03995185,16.027481460571288,7.794621400535107e-05,4401,0.13449174165725708
14.950161,0.04051711,16.027481460571288,7.794621400535107e-05,4401,0.13449174165725708
14.976106,0.04633789,16.027481460571288,7.794621400535107e-05,4401,0.13449174165725708
15.309925,0.04442925,62.248266067504886,-0.00021779398201033474,4890,0.8737165927886963
15.155909,0.044982616,62.248266067504886,-0.00021779398201033474,4890,0.8737165927886963
15.071359,0.048973944,62.248266067504886,-0.00021779398201033474,4890,0.8737165927886963
14.915144,0.060883105,62.248266067504886,-0.00021779398201033474,4890,0.8737165927886963
14.694187,0.0510964,62.248266067504886,-0.00021779398201033474,4890,0.8737165927886963
14.6660385,0.05008819,62.248266067504886,-0.00021779398201033474,4890,0.8737165927886963
14.590777,0.030187266,62.248266067504886,-0.00021779398201033474,4890,0.8737165927886963
14.467308,0.021482164,38.53361316680908,3.073425468755886e-05,5379,0.9070025086402893
15.729413,0.02245684,38.53361316680908,3.073425468755886e-05,5379,0.9070025086402893
16.677773,0.028374672,38.53361316680908,3.073425468755886e-05,5379,0.9070025086402893
17.710146,0.046173286,38.53361316680908,3.073425468755886e-05,5379,0.9070025086402893
17.416162,0.044844933,38.53361316680908,3.073425468755886e-05,5379,0.9070025086402893
17.366774,0.061481174,38.53361316680908,3.073425468755886e-05,5379,0.9070025086402893
17.654564,0.0457497,16.283192834854127,-2.0675370469689368e-05,5868,0.29596835374832153
16.036528,0.040415816,16.283192834854127,-2.0675370469689368e-05,5868,0.29596835374832153
15.217985,0.03554916,16.283192834854127,-2.0675370469689368e-05,5868,0.29596835374832153
14.429962,0.036920395,16.283192834854127,-2.0675370469689368e-05,5868,0.29596835374832153
13.956538,0.050520428,16.283192834854127,-2.0675370469689368e-05,5868,0.29596835374832153
15.42575,0.040498145,88.58852165222169,3.599655348807573e-05,6357,0.9423021078109741
17.260746,0.023389202,88.58852165222169,3.599655348807573e-05,6357,0.9423021078109741
18.314121,0.044588808,88.58852165222169,3.599655348807573e-05,6357,0.9423021078109741
17.237906,0.057260785,88.58852165222169,3.599655348807573e-05,6357,0.9423021078109741
17.228926,0.05716945,88.58852165222169,3.599655348807573e-05,6357,0.9423021078109741
17.156301,0.05229832,88.58852165222169,3.599655348807573e-05,6357,0.9423021078109741
18.006407,0.08510425,65.08017307281494,-0.00011887884000316262,6846,0.8305195569992065
18.395058,0.07761242,65.08017307281494,-0.00011887884000316262,6846,0.8305195569992065
19.907957,0.07906588,65.08017307281494,-0.00011887884000316262,6846,0.8305195569992065
19.990639,0.072956964,65.08017307281494,-0.00011887884000316262,6846,0.8305195569992065
19.662712,0.049429026,65.08017307281494,-0.00011887884000316262,6846,0.8305195569992065
20.412523,0.03947724,64.42885372161865,8.164845436112955e-05,7335,0.8597234487533569
21.07962,0.049502417,64.42885372161865,8.164845436112955e-05,7335,0.8597234487533569
22.315798,0.0934715,64.42885372161865,8.164845436112955e-05,7335,0.8597234487533569
22.26864,0.09925561,64.42885372161865,8.164845436112955e-05,7335,0.8597234487533569
22.060434,0.11440004,64.42885372161865,8.164845436112955e-05,7335,0.8597234487533569
22.22607,0.07770989,64.42885372161865,8.164845436112955e-05,7335,0.8597234487533569
22.232738,0.0701856,64.42885372161865,8.164845436112955e-05,7335,0.8597234487533569
22.05948,0.06299707,44.03788837432862,-1.8769836169667543e-05,7824,-0.5327205657958984
21.677664,0.058151785,44.03788837432862,-1.8769836169667543e-05,7824,-0.5327205657958984
19.075481,0.056217957,44.03788837432862,-1.8769836169667543e-05,7824,-0.5327205657958984
16.704374,0.04619321,44.03788837432862,-1.8769836169667543e-05,7824,-0.5327205657958984
16.633457,0.046193205,44.03788837432862,-1.8769836169667543e-05,7824,-0.5327205657958984
16.16446,0.068745896,44.03788837432862,-1.8769836169667543e-05,7824,-0.5327205657958984
16.122667,0.06452716,44.03788837432862,-1.8769836169667543e-05,7824,-0.5327205657958984
16.136208,0.063964225,37.71611335754395,-0.0001095780750620179,8313,0.7509670257568359
14.238916,0.05971748,37.71611335754395,-0.0001095780750620179,8313,0.7509670257568359
13.464608,0.042318746,37.71611335754395,-0.0001095780750620179,8313,0.7509670257568359
13.46684,0.04308189,37.71611335754395,-0.0001095780750620179,8313,0.7509670257568359
13.66771,0.039253403,37.71611335754395,-0.0001095780750620179,8313,0.7509670257568359
13.903194,0.039767466,37.71611335754395,-0.0001095780750620179,8313,0.7509670257568359
13.945258,0.03894607,37.71611335754395,-0.0001095780750620179,8313,0.7509670257568359
14.093371,0.039902292,63.33493320465088,6.481385644292459e-05,8802,0.95180344581604
14.273188,0.033471808,63.33493320465088,6.481385644292459e-05,8802,0.95180344581604
15.701172,0.03347763,63.33493320465088,6.481385644292459e-05,8802,0.95180344581604
15.831959,0.032709435,63.33493320465088,6.481385644292459e-05,8802,0.95180344581604
16.236557,0.032288086,63.33493320465088,6.481385644292459e-05,8802,0.95180344581604
15.608283,0.04120794,11.311412506103515,-6.504419230623171e-05,9291,-0.6080496311187744
15.109359,0.04147866,11.311412506103515,-6.504419230623171e-05,9291,-0.6080496311187744
15.039493,0.049372133,11.311412506103515,-6.504419230623171e-05,9291,-0.6080496311187744
15.131903,0.043039843,11.311412506103515,-6.504419230623171e-05,9291,-0.6080496311187744
15.266997,0.03858869,11.311412506103515,-6.504419230623171e-05,9291,-0.6080496311187744
15.431955,0.024585167,22.07305826187134,-9.816427365876734e-05,9780,0.7326530814170837
15.668729,0.021524101,22.07305826187134,-9.816427365876734e-05,9780,0.7326530814170837
16.228231,0.026034314,22.07305826187134,-9.816427365876734e-05,9780,0.7326530814170837
16.288267,0.034796104,22.07305826187134,-9.816427365876734e-05,9780,0.7326530814170837
15.68697,0.036463436,22.07305826187134,-9.816427365876734e-05,9780,0.7326530814170837
15.949663,0.034183666,22.07305826187134,-9.816427365876734e-05,9780,0.7326530814170837
16.84056,0.03558,65.8909755706787,-0.00014252341556129976,10269,0.9208804368972778
16.934078,0.03617672,65.8909755706787,-0.00014252341556129976,10269,0.9208804368972778
17.490427,0.036491763,65.8909755706787,-0.00014252341556129976,10269,0.9208804368972778
19.173328,0.040206257,65.8909755706787,-0.00014252341556129976,10269,0.9208804368972778
19.454998,0.037702043,65.8909755706787,-0.00014252341556129976,10269,0.9208804368972778
19.732328,0.02427034,65.8909755706787,-0.00014252341556129976,10269,0.9208804368972778
19.853998,0.03933834,57.569156074523924,8.561690337955951e-05,10758,0.905411422252655
19.668137,0.04510256,57.569156074523924,8.561690337955951e-05,10758,0.905411422252655
19.521086,0.04767176,57.569156074523924,8.561690337955951e-05,10758,0.905411422252655
18.326239,0.057123873,57.569156074523924,8.561690337955951e-05,10758,0.905411422252655
18.280247,0.055589985,57.569156074523924,8.561690337955951e-05,10758,0.905411422252655
16.486198,0.072097875,19895.064765625,-3.2641924917697907e-06,11247,0.9996846318244934
16.393517,0.07397202,19895.064765625,-3.2641924917697907e-06,11247,0.9996846318244934
15.041903,0.04775075,19895.064765625,-3.2641924917697907e-06,11247,0.9996846318244934
15.091554,0.043142714,19895.064765625,-3.2641924917697907e-06,11247,0.9996846318244934
14.77404,0.058697905,19895.064765625,-3.2641924917697907e-06,11247,0.9996846318244934
16.817648,0.0365204,81.56612609863281,-8.546623721485957e-05,11736,0.9258405566215515
17.246445,0.03162505,81.56612609863281,-8.546623721485957e-05,11736,0.9258405566215515
18.2754,0.042492334,81.56612609863281,-8.546623721485957e-05,11736,0.9258405566215515
18.274263,0.068332314,81.56612609863281,-8.546623721485957e-05,11736,0.9258405566215515
18.44074,0.07715485,81.56612609863281,-8.546623721485957e-05,11736,0.9258405566215515
18.423101,0.07715485,81.56612609863281,-8.546623721485957e-05,11736,0.9258405566215515
18.485365,0.07134642,45.210120391845706,1.6710080672055483e-05,12225,0.08305275440216064
17.190899,0.04106352,45.210120391845706,1.6710080672055483e-05,12225,0.08305275440216064
16.056221,0.03300985,45.210120391845706,1.6710080672055483e-05,12225,0.08305275440216064
14.858678,0.035878792,45.210120391845706,1.6710080672055483e-05,12225,0.08305275440216064
15.277623,0.028770946,45.210120391845706,1.6710080672055483e-05,12225,0.08305275440216064
15.796789,0.023272015,28.164635372161865,-0.0002530564100015908,12714,0.7186641693115234
17.381618,0.028288288,28.164635372161865,-0.0002530564100015908,12714,0.7186641693115234
18.278893,0.029995563,28.164635372161865,-0.0002530564100015908,12714,0.7186641693115234
17.672411,0.06226707,28.164635372161865,-0.0002530564100015908,12714,0.7186641693115234
17.201792,0.07180457,28.164635372161865,-0.0002530564100015908,12714,0.7186641693115234
15.746666,0.04426336,39.25049674987793,-6.205579556990415e-05,13203,0.8611646890640259
14.755738,0.04819677,39.25049674987793,-6.205579556990415e-05,13203,0.8611646890640259
13.530187,0.043161187,39.25049674987793,-6.205579556990415e-05,13203,0.8611646890640259
13.40867,0.052975878,39.25049674987793,-6.205579556990415e-05,13203,0.8611646890640259
13.419855,0.053199142,39.25049674987793,-6.205579556990415e-05,13203,0.8611646890640259
12.953282,0.07679132,14.168667058944703,4.720279655884951e-05,13692,0.8368058204650879
12.831762,0.066803694,14.168667058944703,4.720279655884951e-05,13692,0.8368058204650879
12.820498,0.04662713,14.168667058944703,4.720279655884951e-05,13692,0.8368058204650879
13.269386,0.023809036,14.168667058944703,4.720279655884951e-05,13692,0.8368058204650879
13.427586,0.043301497,14.168667058944703,4.720279655884951e-05,13692,0.8368058204650879
13.322987,0.054546196,25.30333381652832,0.00010605437913909555,14181,0.8644985556602478
12.906347,0.050602205,25.30333381652832,0.00010605437913909555,14181,0.8644985556602478
12.309844,0.037524253,25.30333381652832,0.00010605437913909555,14181,0.8644985556602478
11.974943,0.056623966,25.30333381652832,0.00010605437913909555,14181,0.8644985556602478
11.925602,0.068488106,25.30333381652832,0.00010605437913909555,14181,0.8644985556602478
11.928708,0.06933225,25.30333381652832,0.00010605437913909555,14181,0.8644985556602478
11.939604,0.077179946,25.30333381652832,0.00010605437913909555,14181,0.8644985556602478
12.678046,0.07393854,81.32186614990235,7.315765600651502e-05,14670,0.9710482954978943
13.304908,0.065956205,81.32186614990235,7.315765600651502e-05,14670,0.9710482954978943
14.440753,0.05932113,81.32186614990235,7.315765600651502e-05,14670,0.9710482954978943
14.671388,0.057457417,81.32186614990235,7.315765600651502e-05,14670,0.9710482954978943
14.998778,0.08066305,81.32186614990235,7.315765600651502e-05,14670,0.9710482954978943
15.309614,0.07452467,81.32186614990235,7.315765600651502e-05,14670,0.9710482954978943
16.420458,0.044728614,54.592047157287595,1.6459589824080466e-05,15159,0.9313941597938538
17.132494,0.016729593,54.592047157287595,1.6459589824080466e-05,15159,0.9313941597938538
17.756199,0.0152866375,54.592047157287595,1.6459589824080466e-05,15159,0.9313941597938538
17.704285,0.017145645,54.592047157287595,1.6459589824080466e-05,15159,0.9313941597938538
18.143476,0.017833142,54.592047157287595,1.6459589824080466e-05,15159,0.9313941597938538
17.228046,0.026608124,20.443496837615967,-3.437002480495721e-05,15648,0.588325023651123
16.208534,0.027522316,20.443496837615967,-3.437002480495721e-05,15648,0.588325023651123
15.232553,0.052296504,20.443496837615967,-3.437002480495721e-05,15648,0.588325023651123
15.432536,0.06400668,20.443496837615967,-3.437002480495721e-05,15648,0.588325023651123
15.094113,0.059658542,20.443496837615967,-3.437002480495721e-05,15648,0.588325023651123
15.114697,0.053391762,79.41104560852051,-7.51426356146112e-05,16137,0.956744909286499
15.61872,0.04196132,79.41104560852051,-7.51426356146112e-05,16137,0.956744909286499
15.586614,0.043187547,79.41104560852051,-7.51426356146112e-05,16137,0.956744909286499
15.650295,0.053763594,79.41104560852051,-7.51426356146112e-05,16137,0.956744909286499
15.706485,0.051241003,79.41104560852051,-7.51426356146112e-05,16137,0.956744909286499
15.929361,0.05073344,79.41104560852051,-7.51426356146112e-05,16137,0.956744909286499
15.480726,0.05551954,79.41104560852051,-7.51426356146112e-05,16137,0.956744909286499
14.832106,0.032739785,12.010931177139282,-3.1382981105707586e-05,16626,0.12656068801879883
14.109962,0.034423955,12.010931177139282,-3.1382981105707586e-05,16626,0.12656068801879883
12.364265,0.049294494,12.010931177139282,-3.1382981105707586e-05,16626,0.12656068801879883
12.232164,0.04774228,12.010931177139282,-3.1382981105707586e-05,16626,0.12656068801879883
